ideVersion=251.23774.16
pluginVerifierVersions=IC-251.23774.16-EAP-SNAPSHOT

sinceBuild=251.23774.16
untilBuild=251.*