ideVersion=251.23774.109
pluginVerifierVersions=IC-251.23774.109-EAP-SNAPSHOT

sinceBuild=251.23774.0
untilBuild=251.*