ideVersion=251.22821.72
pluginVerifierVersions=IC-251.22821.72-EAP-SNAPSHOT

sinceBuild=251.22821.0
untilBuild=251.*